           5_quantiles  10_quantiles  50_quantiles  100_quantiles  normalize  listened_twice
precision     0.432584      0.405405      0.476440       0.480952   0.279070        0.472727
recall        0.086517      0.096154      0.094398       0.106316   0.054463        0.102362
accuracy      0.634400      0.608800      0.610800       0.616800   0.712800        0.588800


                0.1       0.2       0.3       0.4       0.5       0.6       0.7       0.8       0.9
precision  0.261369  0.267873  0.375000  0.340909  0.390909  0.336538  0.386667  0.317073  0.294872
recall     0.909370  0.900593  0.097872  0.070093  0.063516  0.053846  0.041311  0.036415  0.033675
accuracy   0.307200  0.309600  0.699600  0.726400  0.719600  0.726400  0.712400  0.702400  0.714000


           100      300       500      1000      3000      5000      10000    30000     50000     100000    300000    500000    1000000
precision     0.00     0.00  0.500000    0.000  0.190476  0.333333  0.336066  0.32681  0.352128  0.335372  0.361062  0.380739  0.408289
recall        0.00     0.00  0.027027    0.000  0.018018  0.030899  0.063566  0.08460  0.100121  0.107867  0.131772  0.135204  0.128741
accuracy      0.72     0.72  0.704000    0.712  0.686667  0.706400  0.726000  0.71320  0.713280  0.707600  0.705893  0.711504  0.720892