           5_quantiles  10_quantiles  50_quantiles  100_quantiles  normalize  listened_twice
precision     0.512397      0.554745      0.580592       0.589506   0.649057        0.620991
recall        0.223289      0.421754      0.379570       0.413868   0.254438        0.434251
accuracy      0.670532      0.669732      0.667333       0.677329   0.761295        0.674130


                0.1       0.2       0.3       0.4       0.5       0.6       0.7       0.8       0.9
precision  0.303144  0.367766  0.439220  0.547872  0.674641  0.709220  0.781818  0.781250  1.000000
recall     0.951399  0.768760  0.597504  0.304734  0.207658  0.148588  0.065850  0.035014  0.006070
accuracy   0.393043  0.594562  0.701319  0.744102  0.757697  0.754498  0.751299  0.721711  0.738105


            100       300       500       1000      3000      5000      10000     30000     50000     100000    300000    500000    1000000
precision  0.000000  0.800000  0.916667  0.666667  0.661538  0.686567  0.718182  0.646617  0.616044  0.614394  0.593485  0.595409  0.590757
recall     0.000000  0.400000  0.261905  0.270270  0.232432  0.283077  0.231332  0.249879  0.237395  0.248278  0.246787  0.258767  0.261376
accuracy   0.846154  0.723684  0.746032  0.745020  0.781625  0.780176  0.765294  0.755899  0.757299  0.762849  0.752163  0.752914  0.758917